40 41 39 43 39 43 50 40 40 40 40 44 45 46 47 49 51 51 59 56 51 51 52 54 46 45 49 49 55 46 54 60 56 53 55 52 51 50 53 51 50 50 51 51 44 44 46 49 46 45 44 48 45 45 54 53 45 42 45 54 58 57 58 46 49 47 47 47 50 46 50 51 54 55 55 54 53 53 60 55 58 59 60 58 60 60 61 59 57 55 56 57 59 60 48 59 59 48 48 53 50 
47 54 53 46 41 39 42 40 48 40 42 50 46 45 54 57 58 53 57 43 47 49 50 55 54 48 48 54 57 57 61 56 54 49 48 64 57 59 56 54 53 56 47 54 46 46 48 48 46 46 54 50 49 47 49 44 42 43 47 49 59 63 55 52 58 49 46 50 52 52 51 56 53 56 53 56 58 60 61 57 58 58 59 64 63 61 56 67 59 57 58 56 61 65 63 50 67 56 51 53 55 
46 55 51 50 43 39 38 41 41 42 53 48 53 55 52 58 52 57 55 48 43 44 44 45 51 44 44 54 57 55 58 57 57 59 58 48 48 53 48 45 50 50 46 46 46 46 48 46 48 46 46 46 50 48 44 47 43 43 44 46 49 47 50 53 53 52 48 49 55 54 57 56 59 57 53 53 54 61 55 63 60 58 64 66 58 58 61 56 68 59 67 73 67 61 61 63 68 56 54 54 51 
52 39 38 40 41 38 39 40 41 41 43 40 51 51 40 46 55 54 42 46 46 44 49 44 49 44 45 53 46 55 56 49 63 66 59 61 55 49 46 48 47 46 46 48 52 51 47 45 47 46 45 44 45 49 44 44 42 55 45 47 46 48 50 52 50 48 51 52 57 59 59 59 60 63 57 56 59 61 62 61 60 59 59 57 61 64 64 58 62 62 55 63 54 58 54 56 59 55 54 54 54 
40 43 41 34 41 39 39 40 41 43 42 41 46 50 43 45 54 50 46 43 44 44 46 49 45 47 44 46 61 50 54 50 53 64 61 56 54 52 52 51 50 51 48 47 49 51 47 48 45 49 50 50 44 45 45 45 46 46 45 48 50 46 52 50 52 51 61 56 63 61 62 61 62 64 60 61 60 63 64 63 63 63 67 66 66 68 59 64 58 55 62 69 66 58 59 59 59 58 54 55 54 
40 40 42 41 43 43 42 42 40 42 42 41 43 44 44 44 53 43 42 44 43 45 43 43 45 45 50 46 49 48 53 50 51 64 61 55 54 66 52 51 51 49 50 50 52 52 50 50 49 49 50 52 49 48 44 44 44 47 47 49 49 51 52 48 49 52 56 56 60 67 68 76 75 72 71 75 67 67 65 66 66 58 61 60 63 61 59 65 63 56 60 59 58 59 59 56 55 56 54 52 60 
41 41 42 43 47 50 48 47 44 43 47 44 45 45 47 44 44 44 42 44 43 44 44 46 45 47 46 46 46 48 49 50 51 49 51 53 54 54 51 51 49 49 48 49 49 48 49 50 47 47 46 47 47 47 45 44 45 48 51 48 49 48 49 55 63 61 75 81 82 79 78 77 72 71 73 71 70 68 68 75 65 61 60 63 66 67 64 70 68 66 67 57 58 60 64 59 56 56 54 54 63 
40 40 43 43 44 47 46 47 45 43 46 46 48 44 45 50 46 48 50 47 47 45 48 50 50 48 49 54 48 47 48 48 49 51 54 54 55 54 54 53 52 55 49 55 51 48 48 47 51 50 50 50 46 51 45 46 45 45 48 67 74 54 52 56 61 77 76 74 68 67 72 74 71 73 77 75 68 67 67 65 63 61 59 66 67 67 69 69 66 67 63 58 59 59 55 56 57 58 60 61 58 60 
44 46 46 46 47 47 48 49 49 50 50 50 51 51 49 49 51 52 51 49 48 50 49 49 48 47 45 51 48 52 50 51 54 52 55 57 53 51 36 58 59 53 52 54 52 54 50 51 52 49 48 49 49 45 47 45 46 50 51 53 56 59 65 69 74 73 70 67 68 66 63 63 69 73 70 63 60 64 59 59 60 60 58 66 66 68 68 60 59 59 59 63 59 63 56 54 55 56 56 55 58 
55 42 45 52 44 46 48 51 47 49 49 51 51 48 47 49 48 52 50 49 49 48 48 47 47 49 49 48 57 50 48 49 50 52 54 53 50 49 51 50 52 38 51 52 53 52 50 52 52 53 52 49 49 51 49 49 48 48 50 50 54 53 59 55 58 64 64 60 57 57 59 60 64 67 62 61 60 60 61 60 58 56 57 63 59 59 65 62 66 61 61 62 62 61 59 60 57 60 58 60 61 61 61 60 61 62 63 62 
39 44 49 50 47 61 48 54 44 44 42 43 44 44 46 48 45 44 47 49 48 49 48 51 51 51 51 52 51 50 50 49 53 55 56 55 55 57 54 54 52 52 55 55 56 54 52 50 55 54 54 55 55 52 49 49 50 49 47 47 46 46 49 51 51 53 49 52 51 51 53 54 54 57 59 60 55 55 53 54 58 56 58 59 60 58 58 59 60 61 74 60 60 58 59 63 62 61 62 61 60 59 59 58 58 59 60 59 59 59 57 56 55 55 56 56 54 54 55 55 54 54 55 55 
66 66 68 51 61 49 48 54 50 50 43 47 47 47 49 48 51 50 50 51 52 53 54 54 53 55 61 57 60 53 53 57 54 54 55 54 56 54 55 55 58 60 56 57 56 56 55 54 55 53 57 50 59 51 53 49 48 48 52 52 54 51 54 60 53 53 54 54 54 57 55 55 58 53 56 55 58 57 58 61 61 60 64 65 61 61 59 59 62 61 59 64 58 55 55 61 61 57 59 55 54 54 54 
47 47 46 48 49 50 55 53 53 57 52 53 53 51 52 54 54 52 51 50 53 53 55 58 58 56 54 51 52 54 52 54 54 51 54 56 54 54 55 58 59 58 55 55 56 56 56 56 55 55 56 50 50 54 49 53 51 51 50 51 54 50 53 57 61 50 56 54 56 53 57 57 54 53 53 57 59 57 60 62 57 59 61 61 59 59 63 60 67 72 57 60 56 53 58 62 63 59 63 54 50 
48 47 48 51 48 58 58 52 46 48 46 47 49 48 47 48 47 48 53 55 53 54 55 56 55 55 53 52 52 51 51 50 49 50 49 53 52 52 52 52 50 51 55 54 52 50 54 54 52 53 54 50 53 56 49 55 53 54 51 61 57 54 51 51 52 54 55 51 55 56 58 58 61 62 59 57 59 63 56 55 65 66 66 66 68 63 74 71 71 65 61 56 64 54 53 54 54 57 54 50 50 
46 51 47 47 52 50 45 46 45 45 45 45 45 45 46 45 43 48 50 50 53 54 53 53 48 51 49 51 50 48 49 49 49 48 52 49 53 52 52 52 54 48 49 50 52 51 52 51 52 50 51 53 51 55 49 51 49 55 51 60 53 54 53 52 53 54 55 55 56 58 58 63 60 64 60 57 57 56 57 67 71 69 60 61 68 69 67 66 68 55 58 58 70 55 63 54 53 54 55 58 51 
42 42 42 40 44 41 55 57 48 45 45 47 46 46 46 48 52 53 52 52 50 50 51 48 50 52 57 47 47 48 55 52 54 50 58 63 59 59 52 52 52 53 56 51 53 54 54 55 54 54 49 49 51 50 51 50 53 52 54 63 57 58 56 54 53 53 54 59 57 59 56 53 48 61 60 58 61 61 57 57 58 68 71 64 67 67 63 69 65 70 60 57 57 57 59 62 58 54 53 61 61 
47 48 48 39 42 42 44 53 57 48 41 57 65 68 58 52 52 55 58 51 51 54 55 55 52 51 54 52 53 58 54 52 55 62 61 58 52 54 53 53 53 52 51 51 53 54 53 52 53 51 53 52 53 52 53 52 53 54 57 52 57 55 56 50 54 54 56 56 57 56 53 60 59 57 59 60 63 65 67 70 65 66 70 69 70 67 67 65 68 67 57 56 56 58 58 58 59 54 53 52 52 
44 58 48 41 52 44 41 42 42 42 42 42 42 42 43 43 45 48 50 49 50 51 51 51 51 55 51 49 49 46 50 54 58 61 53 55 55 53 53 52 54 53 52 53 52 52 52 53 52 52 52 53 51 53 50 52 54 53 53 58 56 50 55 53 51 56 56 59 58 59 58 57 55 76 103 84 84 62 70 66 65 74 70 65 67 69 68 65 58 59 57 57 56 55 55 55 55 55 51 56 57 58 58 57 
54 57 53 53 50 48 48 46 42 43 43 41 42 42 42 43 43 43 46 49 53 51 51 50 63 65 61 47 46 44 43 51 57 56 55 51 51 52 53 53 51 54 53 51 51 52 52 53 55 51 51 52 50 52 50 50 52 52 54 55 56 57 58 60 64 54 57 58 56 59 62 58 59 84 63 61 69 66 69 77 67 74 70 66 62 63 59 60 60 63 54 57 58 59 58 58 53 55 62 61 58 
46 47 52 50 51 50 51 51 48 50 47 46 48 42 43 43 45 43 44 44 44 44 49 52 51 58 44 44 48 50 48 45 52 58 55 52 50 52 55 54 52 51 54 55 53 52 54 54 57 53 51 52 52 53 55 55 57 54 56 54 61 58 56 56 56 56 57 69 65 66 63 66 66 66 62 59 66 68 75 78 67 68 66 67 58 58 65 58 61 57 59 58 54 56 56 60 57 54 55 55 56 
51 52 51 55 50 62 50 49 50 49 49 52 51 50 49 42 49 50 48 49 47 44 43 44 44 43 44 50 52 53 45 44 44 48 52 51 51 51 52 55 64 52 52 55 57 55 57 55 56 58 54 55 52 54 57 56 59 57 57 58 57 57 58 57 56 57 58 61 66 63 59 58 66 70 72 66 64 67 68 62 69 67 77 82 78 77 74 71 71 59 65 66 55 56 62 61 55 54 54 55 56 
55 55 55 54 52 62 52 52 50 52 50 50 50 51 52 50 50 51 54 52 51 51 44 48 45 51 52 52 53 52 52 50 45 46 47 46 53 53 54 54 56 51 53 51 55 55 58 58 56 60 56 58 58 62 64 69 63 57 60 61 55 59 58 58 57 58 61 59 58 57 62 61 60 57 65 60 54 54 53 70 66 73 70 73 67 71 69 66 73 63 58 57 58 57 57 59 58 56 54 63 59 
55 55 56 56 64 62 65 66 66 63 66 68 67 66 65 51 52 51 53 52 51 50 51 53 53 55 54 55 54 68 56 51 48 49 48 48 47 46 49 49 50 52 60 56 60 54 58 60 59 57 60 61 62 62 65 62 65 72 60 55 56 61 60 59 58 60 62 59 62 62 61 60 60 48 36 56 55 54 54 53 55 65 57 58 63 66 74 78 75 69 59 59 56 58 61 60 59 59 59 61 65 
59 59 57 54 52 52 53 52 51 54 51 52 53 60 72 58 58 56 53 53 53 55 56 60 58 62 67 71 72 74 74 77 71 63 53 51 50 52 48 51 52 52 54 60 61 57 56 54 55 58 63 61 67 68 66 67 64 60 62 55 59 62 61 59 57 60 60 57 56 55 56 57 60 61 51 37 23 51 55 56 56 59 57 58 61 59 59 60 59 57 56 59 57 59 60 62 61 60 60 58 63 
62 60 55 53 54 55 65 58 53 55 54 53 56 59 58 55 56 54 55 58 59 62 65 70 72 75 75 81 82 86 86 79 72 66 56 56 50 55 48 49 48 54 55 49 54 61 57 58 58 55 59 67 61 59 56 63 69 67 61 58 56 59 59 59 60 62 62 53 54 61 56 57 58 64 53 61 27 23 54 55 56 57 56 60 61 62 59 60 59 60 59 60 61 59 61 62 64 61 57 55 59 
60 57 55 52 52 52 51 53 52 54 54 55 53 53 55 55 56 57 63 73 70 68 66 65 63 62 62 64 64 67 70 78 76 80 72 67 64 60 59 60 60 58 60 49 57 53 58 62 61 60 63 60 59 57 57 55 62 60 59 61 60 58 60 60 60 60 60 55 58 62 58 57 64 64 60 60 52 71 57 56 58 62 63 65 61 63 62 62 60 58 57 58 58 62 63 63 61 60 56 60 54 
56 56 54 54 56 57 55 56 57 55 55 57 56 58 57 57 58 65 64 65 64 61 61 61 63 71 76 67 62 61 69 66 66 67 63 63 61 58 59 58 59 63 63 60 61 59 54 60 60 62 60 59 57 56 59 57 66 67 69 65 66 64 63 66 59 66 75 73 68 56 56 55 61 62 60 48 40 57 56 56 58 61 63 64 67 64 61 62 58 58 58 59 59 62 62 60 62 63 61 63 59 
52 51 51 53 55 53 53 56 55 57 57 56 56 60 59 60 69 74 72 75 60 59 60 60 60 60 64 60 59 62 61 60 59 62 62 64 58 59 60 65 69 82 69 65 60 52 49 58 57 59 58 59 61 56 56 60 56 70 70 70 72 63 62 62 61 57 70 70 70 58 58 61 64 66 67 60 59 58 58 56 57 60 64 63 62 62 60 61 72 78 74 72 61 65 61 61 59 60 57 57 56 
65 62 58 56 56 56 53 53 57 55 55 57 72 61 58 65 78 61 73 59 59 61 62 66 64 66 64 63 62 66 58 57 59 62 61 59 61 62 59 63 66 72 65 67 60 57 66 56 16 56 61 61 62 62 56 55 56 68 67 58 61 62 66 66 68 69 71 74 71 71 65 66 71 70 76 59 63 66 61 59 57 60 63 68 67 65 61 60 59 72 71 68 61 60 59 61 58 56 56 57 59 59 
56 67 85 69 63 60 59 59 62 55 62 55 66 70 64 67 72 59 60 62 66 70 71 80 76 79 80 83 92 70 61 60 63 64 63 63 71 61 61 67 62 58 58 61 54 54 54 51 55 50 55 63 63 59 59 73 72 58 57 59 59 64 64 65 67 70 69 69 65 62 65 75 78 70 66 63 63 62 64 59 59 60 61 66 70 66 63 61 61 59 58 58 58 59 59 60 59 59 59 59 61 
53 54 59 65 78 109 86 69 65 60 56 56 55 63 71 58 59 61 64 66 71 76 79 86 93 117 136 108 81 68 62 62 61 62 62 63 62 64 68 72 75 68 61 62 58 58 54 53 51 59 52 60 61 64 62 60 62 63 59 62 62 71 65 66 74 75 77 77 66 70 77 89 87 74 67 68 61 45 65 68 65 62 61 66 70 71 67 65 68 69 62 59 60 59 64 65 70 62 61 59 60 61 60 
54 53 65 61 71 87 112 121 115 68 60 57 58 57 56 59 60 61 65 70 74 82 92 98 134 124 86 79 74 103 70 64 63 62 64 62 63 67 71 73 66 61 59 60 58 57 57 49 53 58 56 60 58 59 58 59 59 61 62 76 75 79 81 74 78 76 72 75 88 93 86 78 81 78 75 71 47 45 46 64 64 67 70 70 69 75 73 70 66 62 81 65 61 63 61 67 65 63 67 65 64 64 64 64 
56 56 56 64 67 69 69 71 68 66 62 57 60 59 59 59 60 60 65 70 75 85 107 157 132 92 82 73 70 67 63 64 64 64 61 60 59 62 74 76 63 62 60 58 59 57 59 58 40 54 56 52 58 62 59 62 60 62 64 68 72 74 69 76 79 81 81 80 89 98 96 81 72 78 79 80 71 71 78 38 54 65 65 70 66 65 65 66 65 62 63 62 62 61 69 63 61 62 64 65 63 62 
57 59 56 55 54 55 58 59 59 59 75 70 81 58 59 60 63 62 63 64 68 81 98 135 87 79 74 71 67 62 60 61 61 61 61 55 58 63 75 74 62 64 68 63 62 58 54 53 53 51 47 53 58 61 61 60 63 64 66 67 69 71 73 76 79 80 86 96 104 99 84 75 70 71 81 82 65 69 80 70 66 64 65 65 65 65 62 64 62 73 64 62 63 70 64 62 61 61 61 68 72 
58 58 58 59 58 57 56 57 57 58 61 60 58 59 60 60 59 61 62 60 61 62 70 67 70 69 66 64 63 62 59 58 59 60 61 58 58 58 65 66 62 58 63 58 57 55 56 55 53 52 57 52 54 53 57 58 63 62 66 62 66 69 78 75 75 84 92 101 98 85 82 72 68 67 67 67 64 64 67 68 66 70 68 70 67 67 64 77 62 62 62 62 60 63 63 61 60 59 59 62 60 
58 58 58 65 57 57 57 57 57 58 61 61 63 61 61 62 63 63 62 62 62 62 61 61 62 63 62 62 62 61 63 61 60 58 59 61 59 61 59 58 58 58 56 54 58 55 57 55 53 54 52 51 47 55 52 55 61 62 65 64 70 72 76 78 84 95 100 99 86 77 75 70 68 68 71 84 84 79 80 80 69 67 69 69 71 72 67 64 64 65 64 66 67 64 64 61 61 60 61 61 60 
67 59 59 58 58 58 58 64 59 61 66 65 66 68 73 74 79 81 74 72 70 67 63 63 62 64 64 62 64 66 67 69 68 63 60 60 57 59 58 61 56 58 60 59 56 56 57 53 56 52 58 52 57 58 55 56 57 63 64 68 77 77 76 83 81 92 96 93 85 86 91 73 69 79 83 84 82 88 89 79 72 73 73 71 68 70 72 70 66 66 65 68 72 64 62 62 64 61 60 61 62 
63 63 61 61 59 59 59 62 60 61 61 67 67 73 79 87 100 159 116 86 77 73 67 66 65 63 63 63 64 67 72 86 74 65 61 77 58 60 57 74 62 65 68 64 59 56 59 67 58 55 56 53 60 56 55 55 56 62 65 67 70 64 72 70 71 77 84 86 81 77 89 80 74 88 90 94 91 89 89 92 77 77 76 74 71 67 64 64 66 64 64 71 65 67 66 67 71 63 62 64 68 
67 66 64 65 62 64 64 64 63 61 62 63 67 70 76 84 95 118 131 90 80 76 72 69 65 65 65 66 65 67 75 84 70 63 75 59 60 62 63 60 72 63 64 61 60 58 60 57 55 55 56 56 56 54 56 57 59 56 58 56 61 60 62 65 63 65 64 68 67 77 92 91 87 86 87 93 91 92 92 85 88 70 67 66 64 65 64 65 64 64 68 84 65 67 68 76 75 70 63 64 66 
73 70 70 68 66 67 67 69 64 65 67 67 67 72 75 80 89 105 150 105 93 79 75 68 67 66 65 67 68 76 84 67 60 61 61 60 64 64 63 79 80 64 61 61 65 63 65 64 56 55 57 61 63 54 55 54 54 56 54 59 60 64 64 68 64 67 70 73 77 79 78 75 81 80 83 89 86 74 68 70 66 64 65 67 68 68 65 68 68 66 67 67 67 66 67 68 67 65 67 71 70 
82 81 78 74 71 70 67 66 67 71 74 72 71 74 74 80 88 105 134 146 116 84 80 73 70 67 66 67 71 78 71 64 62 63 63 61 62 63 63 71 77 71 75 66 68 65 62 61 63 61 55 54 55 56 54 54 54 50 55 55 59 60 67 67 83 75 75 72 70 66 79 72 66 68 69 80 67 67 64 64 64 68 68 74 77 83 77 77 70 72 73 77 75 68 69 69 73 68 68 72 71 
87 86 78 77 73 73 73 73 75 76 79 76 79 75 75 75 79 86 95 102 114 100 93 77 70 68 66 71 69 66 64 65 64 62 63 63 70 81 66 66 79 75 65 64 63 62 62 64 64 63 64 58 55 55 55 54 54 54 56 54 57 63 68 68 74 72 67 63 62 61 63 61 61 61 62 64 64 64 64 65 68 75 76 77 83 84 86 77 73 76 81 84 86 73 73 78 77 84 83 86 80 
94 90 85 83 84 78 79 76 82 83 84 84 83 87 89 86 82 81 83 88 93 96 91 79 71 66 65 65 67 66 64 65 66 66 64 64 64 65 76 66 67 67 66 66 66 65 63 65 63 62 64 66 65 65 64 62 55 54 55 57 55 57 59 64 65 64 66 62 64 67 66 61 62 62 64 64 64 66 70 71 76 76 77 82 92 96 105 83 76 77 85 82 88 76 79 84 87 84 80 81 81 
98 90 93 93 88 85 85 87 85 88 92 92 90 93 104 107 105 95 90 80 75 77 75 73 70 67 65 64 65 65 66 65 67 66 66 65 65 67 66 67 67 67 66 64 66 64 64 64 64 65 63 64 65 64 65 61 66 57 56 63 62 55 57 56 64 66 72 74 73 70 61 61 61 62 67 68 68 69 76 78 84 84 84 90 94 95 96 82 79 83 86 84 83 83 87 86 85 82 79 78 79 
131 128 111 103 98 96 109 98 94 98 102 106 102 100 96 93 87 81 80 75 70 70 73 75 73 71 67 66 69 73 72 68 68 69 67 66 66 67 65 65 65 68 69 71 67 68 66 67 63 64 65 67 65 65 66 64 67 65 62 57 57 58 58 51 57 61 57 67 67 64 64 61 63 67 76 76 73 79 78 81 87 87 92 99 90 88 83 85 94 102 94 90 84 87 85 82 79 80 82 81 80 
154 144 136 130 126 120 123 114 105 110 113 108 102 93 91 89 86 81 76 74 75 74 70 69 68 67 67 67 68 68 71 73 81 77 68 70 71 84 68 68 67 66 68 69 67 68 68 68 67 63 66 63 63 62 61 60 60 60 64 62 61 57 57 55 58 57 59 61 64 63 67 70 68 68 74 69 67 78 88 83 88 93 100 96 95 91 89 96 105 97 93 83 80 84 80 84 78 78 80 80 78 
233 216 182 155 148 130 133 139 130 128 111 104 98 99 95 90 85 80 77 79 76 74 71 70 72 76 73 77 74 74 78 80 74 70 69 69 85 83 75 78 78 69 69 68 71 70 70 68 68 68 67 68 69 69 65 62 67 68 68 70 66 61 57 57 57 58 58 60 63 67 66 66 64 62 65 66 67 76 85 91 99 101 105 103 99 101 98 103 93 86 82 78 74 73 77 79 77 75 75 75 74 
247 256 245 226 199 169 153 152 146 132 127 113 108 106 100 94 88 82 82 78 78 74 73 75 79 84 85 82 102 116 123 109 98 90 78 74 70 79 67 67 67 68 69 69 68 70 71 71 70 67 65 67 69 67 65 66 65 65 69 69 68 66 59 59 55 55 58 59 61 59 66 59 61 63 73 67 69 75 83 97 105 105 101 99 98 97 98 86 81 76 78 75 69 72 70 70 71 72 71 71 70 
329 316 260 252 249 224 198 189 167 155 146 144 140 137 108 100 95 91 87 82 78 76 75 84 89 90 91 91 97 110 117 127 139 146 112 87 75 70 69 69 68 69 69 70 67 67 67 67 66 64 64 65 67 71 67 66 65 67 66 67 69 66 56 61 58 68 56 57 59 56 63 64 62 66 75 70 72 83 89 102 97 99 96 89 88 82 78 77 76 73 70 76 66 71 68 67 71 71 74 70 72 
350 334 347 315 268 271 274 225 214 207 177 166 160 153 151 133 121 113 107 91 87 84 82 85 88 97 97 97 106 125 173 199 150 134 129 104 86 78 74 73 70 68 68 66 66 65 65 65 68 67 66 68 67 66 69 69 71 68 68 69 67 68 69 59 57 57 55 56 57 59 58 59 63 66 68 72 80 94 95 96 88 88 87 78 75 72 74 77 74 70 66 66 69 73 77 77 79 76 74 72 75 
372 394 386 351 332 331 283 295 257 252 228 221 204 184 189 167 150 148 140 132 123 116 97 95 97 91 102 110 116 129 161 189 169 107 99 92 86 81 76 72 71 69 70 70 70 69 69 69 70 68 66 70 72 71 71 70 72 69 68 69 69 69 68 68 58 59 59 59 59 58 61 64 67 74 76 82 107 108 96 89 83 79 74 71 70 73 70 68 68 66 72 77 80 82 80 80 76 75 74 75 74 
295 323 366 394 399 392 384 370 350 323 296 278 285 257 233 206 214 190 198 181 166 145 141 134 109 115 113 123 122 122 128 124 116 99 92 87 82 77 78 76 78 77 74 73 71 72 73 73 70 67 67 71 72 74 73 74 72 72 70 70 70 69 68 69 71 74 64 58 59 59 60 65 71 82 101 88 85 81 88 87 81 73 68 67 67 68 68 65 65 69 78 76 76 75 76 77 77 78 76 77 78 
282 294 289 309 312 323 340 345 315 326 330 334 343 335 332 311 268 284 264 242 236 213 199 166 148 146 158 154 121 109 105 106 102 95 90 87 83 81 75 75 74 72 73 72 71 74 74 73 70 70 73 75 75 75 74 74 75 74 75 72 71 70 71 71 70 64 59 59 58 62 59 63 72 95 89 75 73 80 75 74 67 72 67 66 66 64 68 65 66 73 74 71 71 70 67 72 77 79 80 83 83 
316 335 339 342 342 356 359 289 248 227 246 252 265 246 226 221 208 241 286 314 318 286 238 216 202 190 179 172 148 117 103 98 92 86 85 82 80 79 77 78 78 77 89 74 74 73 72 73 71 77 76 76 75 75 75 76 77 76 75 73 73 72 72 72 73 57 58 59 63 63 63 67 73 72 73 72 78 71 68 64 64 63 64 63 65 64 65 65 71 66 65 66 65 66 65 65 67 68 68 68 70 
336 340 347 357 364 371 320 226 171 166 161 161 158 159 168 160 165 178 202 229 267 283 267 234 209 185 171 168 144 117 102 97 92 88 87 83 82 82 82 79 78 77 84 84 75 82 92 74 85 78 74 76 76 77 79 77 78 79 80 76 75 74 71 71 61 58 62 59 62 65 65 60 61 61 66 65 67 63 65 65 65 63 68 72 71 72 71 74 72 71 67 67 69 67 68 67 65 65 67 66 66 
292 335 358 349 369 383 320 216 164 145 138 136 133 127 130 145 143 156 168 171 175 178 178 171 182 180 158 170 183 147 119 104 98 98 106 98 87 84 84 84 82 79 79 79 76 89 87 87 74 74 75 75 77 77 77 78 79 79 76 72 71 69 64 62 60 61 60 62 67 67 65 61 63 62 55 65 66 65 69 72 71 70 74 74 72 71 71 70 76 73 70 70 68 69 69 68 67 67 69 69 68 
342 342 335 347 370 347 231 174 149 137 130 123 120 115 116 113 126 130 136 140 132 128 120 121 128 122 135 141 147 136 142 116 108 104 100 93 96 102 98 96 89 88 84 84 83 82 82 88 76 75 78 77 78 76 78 78 80 80 79 75 64 62 61 61 60 66 53 58 63 66 67 68 62 63 64 65 68 65 65 73 71 71 72 71 72 72 75 75 77 78 75 75 72 73 75 73 69 71 75 74 72 
314 341 338 290 324 364 324 210 149 127 121 116 111 112 106 106 104 103 107 107 110 112 111 107 109 108 111 115 115 113 112 108 106 104 102 103 110 118 106 98 96 100 101 97 96 92 87 85 82 81 80 77 77 78 78 75 74 69 70 74 62 61 59 63 59 62 63 69 70 68 65 63 62 63 62 63 74 79 71 66 77 75 74 73 71 75 76 76 82 80 76 72 76 79 79 73 72 72 75 78 79 
227 261 274 222 278 342 272 176 134 116 110 110 106 103 103 101 97 96 98 100 95 93 93 94 93 100 101 100 100 100 105 104 103 101 101 101 120 155 114 105 101 98 96 95 93 92 91 88 86 82 79 81 80 79 76 76 79 74 72 74 62 48 62 62 60 64 67 70 69 68 67 66 67 69 70 65 64 65 67 64 66 76 75 75 74 75 76 78 88 79 75 78 78 81 81 77 76 75 73 76 79 
200 165 172 217 236 238 167 128 115 108 106 105 101 98 96 94 93 93 93 92 92 90 88 86 87 85 87 91 89 86 89 95 94 101 91 87 88 96 98 100 96 91 88 87 86 84 86 82 97 95 84 84 82 80 77 77 78 75 65 62 66 64 61 63 64 68 69 68 66 65 66 65 65 64 68 72 123 74 74 76 66 66 67 72 74 78 80 81 78 95 80 91 81 82 81 81 78 77 77 81 83 
166 174 149 142 142 131 121 127 130 128 121 111 104 97 92 91 89 89 88 87 88 88 86 82 83 83 80 84 82 80 80 84 80 83 80 80 80 91 128 112 100 93 88 86 84 83 93 99 92 96 96 94 87 81 76 74 75 70 64 67 64 63 64 68 67 72 77 75 70 65 69 66 67 70 75 79 79 79 81 79 75 68 66 69 79 81 81 80 78 80 81 81 80 81 86 82 82 82 94 102 88 
140 132 133 129 127 130 141 197 243 273 216 157 124 108 99 94 90 88 86 85 84 84 84 84 85 85 85 83 82 85 84 80 79 78 78 74 79 83 92 127 129 113 110 106 108 93 95 97 101 103 99 94 91 83 81 79 78 66 65 68 65 64 65 67 68 75 75 75 73 68 66 66 69 71 81 93 99 97 92 91 83 81 67 66 82 83 82 77 81 84 81 84 84 78 93 97 97 111 107 90 90 
140 141 131 129 122 126 127 140 169 215 245 283 202 158 119 110 105 114 106 107 93 94 98 90 89 90 89 92 91 88 87 85 82 80 78 78 75 83 76 83 115 106 112 113 107 105 103 103 101 97 93 90 89 84 80 76 69 65 65 65 64 65 67 71 75 75 75 78 79 78 76 73 73 77 84 95 109 148 125 134 108 88 78 72 82 83 80 80 82 86 86 87 87 82 79 86 90 87 86 87 88 
185 161 134 127 118 116 122 134 148 178 199 224 265 261 205 172 147 135 118 117 114 106 106 96 96 98 97 97 95 101 108 106 100 96 96 93 89 84 81 77 86 103 90 92 93 91 94 96 95 93 94 95 95 93 87 75 66 66 65 66 66 66 70 73 73 71 76 77 76 80 79 77 80 83 89 97 110 140 160 136 133 121 85 78 74 72 77 83 84 86 86 84 85 84 83 82 83 86 88 91 92 
199 191 175 123 113 115 121 131 144 161 183 195 227 280 331 257 187 157 140 126 128 107 103 103 104 104 105 106 104 102 101 106 105 102 97 90 87 85 81 76 75 75 82 82 83 82 86 85 85 90 97 106 116 111 89 81 66 66 67 64 61 67 70 78 76 74 71 78 77 80 77 78 80 83 87 92 100 117 141 132 119 127 102 86 76 72 75 85 87 84 85 86 88 86 84 87 88 90 92 93 94 
131 134 130 113 112 120 132 149 161 178 207 204 234 250 270 334 290 221 181 152 138 128 111 126 118 122 110 110 110 109 108 110 109 101 93 89 82 79 81 84 82 78 74 76 75 76 77 80 83 90 131 162 159 137 105 95 67 67 70 67 68 67 74 74 75 74 74 77 77 75 76 77 80 82 83 90 96 107 126 161 119 124 112 85 92 74 77 89 90 90 92 93 87 87 87 87 90 86 92 88 88 
105 102 103 118 127 146 190 249 278 289 320 321 286 295 280 301 344 341 280 207 174 133 120 134 139 122 117 111 106 101 101 99 99 93 90 93 91 89 86 79 78 81 78 77 76 73 71 70 75 85 110 72 68 68 67 68 67 67 70 72 71 73 75 74 76 78 81 83 83 81 79 80 79 84 86 89 94 102 118 150 121 118 108 89 77 77 72 83 89 92 94 93 83 87 92 92 90 88 88 93 89 
110 113 131 150 185 208 258 302 326 315 334 335 348 374 290 262 254 272 276 309 202 140 129 130 124 119 115 112 109 107 107 108 104 99 100 98 94 90 89 90 87 85 83 80 78 79 75 73 71 70 69 67 68 67 66 69 68 72 72 73 74 76 77 79 83 87 90 91 89 84 84 82 86 84 83 89 91 98 110 142 97 114 93 83 78 72 71 81 85 89 94 90 88 90 92 91 90 93 91 94 92 
98 123 152 183 215 230 266 261 255 270 265 284 299 306 353 335 265 231 222 212 181 159 167 155 134 125 124 122 117 120 118 115 111 106 102 99 99 99 98 92 88 87 87 86 87 83 82 78 78 75 60 69 68 70 68 73 80 78 79 80 80 81 88 93 96 99 105 101 99 99 91 87 86 88 89 86 86 89 89 91 90 91 91 89 86 74 70 84 87 85 84 90 91 93 89 90 90 92 94 95 96 
100 105 109 140 164 187 188 187 180 201 208 230 249 286 307 333 320 258 220 191 187 188 230 195 165 163 154 148 142 138 132 122 117 111 108 105 102 98 96 94 99 105 104 101 106 98 97 88 81 79 75 68 69 68 69 76 77 82 85 89 92 94 98 97 107 116 120 117 111 108 108 97 92 89 87 88 89 93 97 114 110 137 116 106 93 93 74 77 90 94 86 91 97 99 93 91 93 93 95 97 98 
105 116 116 111 111 121 131 136 148 154 168 188 205 226 234 245 264 296 291 212 192 208 231 269 251 225 210 190 174 152 140 132 129 123 116 110 106 102 105 110 116 139 131 137 130 121 89 78 76 72 70 70 70 68 87 91 85 87 91 101 108 115 114 129 132 136 141 137 133 122 115 111 100 95 93 92 99 110 127 176 168 148 164 126 109 107 79 81 80 87 87 95 96 96 104 104 107 106 105 105 105 
127 108 119 117 123 122 125 125 129 135 143 150 164 179 195 187 198 207 213 217 207 236 277 313 351 283 224 220 237 282 186 155 145 133 124 119 117 130 119 135 127 136 121 102 115 94 82 76 73 71 72 78 75 70 71 81 86 92 97 105 114 126 164 179 207 231 233 211 188 153 142 122 108 104 99 98 105 116 137 199 191 180 179 148 110 111 93 79 80 80 86 96 96 104 128 158 137 131 126 129 126 
139 131 106 114 145 154 160 153 155 163 182 173 176 165 161 185 256 250 248 257 259 252 251 264 304 283 280 277 340 293 213 216 198 149 140 135 128 126 128 123 118 108 100 94 92 84 81 80 76 83 83 83 80 69 82 85 92 98 99 120 135 138 160 203 231 253 271 271 274 223 174 148 147 120 113 105 108 118 138 198 209 224 207 159 115 98 101 91 81 74 67 83 98 96 108 118 151 177 185 171 162 
155 145 138 123 117 119 118 116 121 129 137 145 143 147 162 178 210 273 305 323 329 344 325 323 321 331 372 390 373 361 348 271 199 184 156 141 136 158 171 185 145 114 107 92 87 84 82 77 86 95 98 76 76 89 87 102 102 120 124 133 148 156 154 194 225 223 240 260 250 248 255 219 167 158 146 127 120 120 146 201 227 229 204 166 117 96 111 113 94 91 78 75 88 97 104 110 124 140 162 186 201 
143 135 135 129 141 143 140 134 123 129 129 134 142 152 170 180 189 227 261 317 344 364 416 411 397 390 366 354 353 352 371 352 283 232 187 164 142 131 168 145 123 137 103 92 84 82 81 100 111 107 90 74 111 106 106 119 126 136 142 149 148 142 148 164 189 217 210 248 264 233 234 257 254 183 153 155 157 134 148 186 232 210 170 165 124 103 94 141 102 90 85 77 76 95 99 105 110 122 129 135 143 
148 151 144 149 156 157 154 140 129 134 140 142 148 148 153 168 185 203 217 257 303 342 368 397 384 365 346 329 303 301 317 349 330 270 175 147 138 114 105 112 106 98 96 95 89 84 81 108 93 73 72 75 83 108 112 127 130 126 127 124 127 136 145 158 155 189 212 216 260 239 218 218 236 264 213 178 173 158 161 181 219 183 158 141 124 107 98 143 112 96 90 84 75 76 81 102 102 112 113 111 123 
138 142 147 151 146 153 165 151 141 133 136 138 136 139 145 154 164 184 198 225 251 304 337 372 337 302 272 271 261 242 261 280 278 217 171 131 111 99 94 93 90 91 86 84 83 85 89 88 75 74 71 71 72 100 94 98 107 109 108 119 123 120 127 137 150 161 199 209 202 235 236 219 209 224 253 227 195 177 171 170 186 195 180 171 113 107 109 123 133 107 95 89 83 78 76 77 86 107 99 99 101 
126 130 138 157 156 160 188 155 165 140 130 126 126 129 130 132 149 155 160 188 202 243 260 275 265 229 209 193 207 196 209 216 210 189 140 114 108 102 98 95 90 84 84 80 79 82 87 82 75 72 72 73 73 72 85 96 96 99 103 106 110 125 138 131 133 148 173 231 233 230 252 218 201 200 218 244 253 218 183 182 176 167 138 134 120 115 112 125 135 114 100 94 94 90 83 81 81 76 86 90 100 
137 145 155 166 192 236 297 313 264 196 150 132 125 124 122 120 125 132 137 144 158 178 195 201 193 173 153 146 160 159 155 159 146 137 127 109 98 95 89 87 82 79 79 82 82 83 82 74 79 72 73 73 73 72 85 85 88 89 102 111 117 113 112 128 134 136 155 198 214 220 235 250 217 203 191 197 224 265 267 215 190 166 145 133 125 123 120 119 117 130 114 103 100 97 92 83 83 79 78 79 86 
124 134 162 192 251 311 393 359 368 318 222 181 149 138 127 125 119 117 123 122 123 124 129 124 128 127 123 121 127 128 125 112 111 103 98 102 98 87 83 84 80 81 79 76 77 75 74 73 79 74 74 72 74 72 73 74 84 91 93 93 93 103 101 114 122 133 149 179 203 206 204 225 228 206 191 179 172 209 251 275 245 207 186 175 135 122 117 106 108 103 104 120 101 91 87 91 93 98 83 80 78 
127 144 167 219 288 411 391 338 284 254 290 331 286 228 150 131 124 120 117 116 115 114 113 113 114 109 103 107 114 113 108 102 100 92 94 89 86 88 93 91 84 82 75 75 75 77 82 83 83 76 78 76 75 73 74 74 73 79 89 99 101 105 114 121 128 132 124 143 163 231 249 200 228 252 223 194 189 162 186 210 206 242 212 159 132 116 120 120 116 119 114 112 111 109 118 111 104 100 97 97 85 
125 139 165 238 354 376 308 268 256 219 191 225 251 217 149 133 129 133 129 125 126 128 135 132 125 118 110 105 102 99 96 99 95 90 91 106 104 100 94 93 87 82 77 77 79 85 89 90 81 82 84 87 89 74 74 74 74 77 93 91 101 110 118 111 105 125 132 131 143 163 180 212 205 231 273 245 216 181 173 159 149 168 170 127 145 160 161 157 153 153 136 130 129 130 127 136 134 140 127 112 95 
127 140 173 251 316 406 355 349 300 215 209 178 156 147 143 139 139 139 137 134 136 137 126 121 113 110 104 102 98 93 93 94 96 97 101 107 104 97 105 101 94 85 79 78 80 88 88 88 83 85 88 88 90 77 73 75 79 80 83 85 86 90 94 98 104 102 108 124 131 142 173 199 231 214 208 241 273 235 211 187 166 147 153 135 200 213 211 198 187 196 191 185 182 190 189 158 148 132 123 119 113 
127 139 158 184 256 344 430 363 299 253 260 213 155 142 140 131 132 129 128 126 117 117 108 104 103 100 99 100 99 102 103 100 104 103 102 104 106 101 107 108 95 91 86 84 93 87 83 82 88 89 91 93 93 91 77 82 80 80 95 101 107 107 113 118 123 124 107 107 122 136 141 148 175 170 217 204 205 241 266 243 231 189 168 153 152 157 193 232 274 272 283 267 249 244 223 206 217 230 200 186 181 
128 137 153 178 209 273 403 363 278 213 189 222 166 149 140 133 126 119 115 113 109 107 107 106 107 106 108 110 115 111 117 114 108 106 107 112 111 111 116 127 136 119 100 92 89 89 88 87 88 87 90 91 92 91 77 76 77 79 84 87 92 98 101 107 113 122 124 130 131 120 124 127 124 139 188 217 234 259 223 208 238 254 221 196 181 174 175 177 198 228 238 276 305 321 302 287 289 284 245 189 158 
146 136 144 160 186 230 313 422 342 272 235 234 178 147 141 138 132 122 113 117 116 116 121 122 122 122 121 121 120 124 123 123 119 122 120 116 113 119 121 126 132 127 107 92 92 91 91 89 89 88 86 92 91 76 76 77 78 77 83 86 92 101 109 115 120 123 126 139 144 136 131 150 158 144 136 158 172 196 197 245 220 202 229 246 226 210 219 216 202 202 229 227 256 277 258 230 219 200 180 160 161 
162 149 145 152 173 196 239 270 273 335 307 249 210 162 145 136 136 118 138 145 149 150 138 147 154 154 143 143 139 142 135 138 133 130 123 122 122 123 119 115 106 103 98 112 107 98 95 91 90 89 91 91 78 76 76 77 76 79 83 90 101 105 111 116 123 128 133 136 139 141 147 156 156 150 141 138 145 155 163 178 199 201 246 237 244 260 259 240 208 217 227 239 267 305 326 318 303 296 279 256 224 
167 164 159 155 163 175 197 199 240 294 344 267 247 177 146 142 142 122 129 195 269 235 215 220 243 237 227 197 177 172 171 159 151 141 139 133 126 121 117 108 111 114 147 174 128 111 100 97 96 92 90 92 84 76 78 77 76 79 82 87 103 102 104 107 113 122 132 142 151 154 158 156 170 164 164 146 155 155 154 152 160 177 192 222 252 238 217 235 228 241 283 306 325 335 282 238 225 218 222 215 187 
202 182 168 164 167 168 170 189 209 253 317 317 232 216 154 138 127 126 122 140 190 259 301 326 403 410 365 319 279 254 246 200 169 153 143 134 128 122 117 115 120 110 108 172 193 168 123 109 101 94 91 86 82 77 78 78 78 80 90 119 117 114 118 134 154 183 209 222 204 194 180 161 178 175 164 162 166 168 167 169 167 167 172 178 178 189 208 211 182 217 238 283 313 302 292 279 275 247 155 133 109 
232 214 183 168 157 145 148 163 163 184 232 308 284 233 192 150 143 132 126 133 143 178 181 292 357 400 430 442 431 348 281 257 214 191 169 148 139 131 126 123 121 119 117 120 185 227 140 121 113 104 97 93 83 80 79 80 82 91 129 117 129 142 183 234 287 302 287 251 212 193 178 181 182 175 172 171 173 177 181 182 178 184 185 179 174 166 166 173 189 227 256 233 219 226 227 248 246 213 207 144 108 
211 201 219 180 157 146 140 131 143 153 175 241 315 266 240 195 155 138 129 133 144 161 184 210 279 349 384 399 414 424 423 416 311 258 220 186 163 144 137 130 129 128 121 124 129 185 230 177 149 134 113 110 115 87 79 78 86 102 113 126 142 174 228 264 299 290 283 248 219 199 234 223 217 214 208 204 194 199 192 194 195 195 190 186 182 176 165 155 165 180 204 239 265 237 203 164 164 154 186 173 119 
136 183 199 196 182 163 147 140 137 132 154 184 232 302 302 270 219 172 146 133 142 150 171 201 247 283 329 357 415 407 408 385 400 395 294 223 196 164 148 145 136 132 130 129 132 133 178 215 200 148 129 106 92 82 79 83 91 104 141 160 178 274 306 320 308 308 283 293 236 306 298 331 343 339 330 279 223 213 213 202 192 184 175 173 171 167 163 158 151 168 173 182 193 213 243 252 220 179 149 138 129 
156 142 143 139 148 175 170 141 129 123 140 161 185 213 257 357 311 232 174 136 135 149 155 169 175 195 232 292 326 308 319 334 312 351 354 318 247 190 170 154 143 136 135 134 139 134 140 166 238 228 149 147 112 80 78 80 92 102 121 133 167 273 275 288 342 358 353 337 298 306 264 322 341 354 332 322 271 255 226 206 197 186 180 171 172 168 164 152 144 157 161 158 172 174 174 172 160 149 138 126 114 
124 117 128 118 116 137 121 129 112 126 132 142 165 193 244 314 317 255 191 163 148 144 144 144 153 176 189 227 250 227 236 240 261 282 288 285 263 187 173 163 152 147 143 142 143 139 141 145 167 219 240 135 129 101 78 81 89 107 116 149 213 196 297 370 372 361 347 355 336 333 313 310 337 342 353 356 349 336 264 260 235 212 196 191 184 175 162 153 147 141 137 138 145 146 150 154 157 141 127 117 116 
92 93 96 106 105 102 113 113 143 127 124 136 157 167 199 268 379 310 210 157 142 138 147 157 163 151 163 189 188 193 186 201 206 214 235 228 240 239 260 253 209 187 165 155 150 147 146 145 152 173 217 267 145 109 81 82 81 91 105 117 137 172 198 235 351 356 344 320 314 325 334 333 306 308 327 318 353 345 333 301 229 208 201 194 184 176 173 166 153 166 161 152 144 135 130 125 123 121 117 116 122 
89 90 94 96 107 120 149 142 167 142 135 133 155 173 199 228 280 306 193 151 142 139 142 141 149 165 160 158 164 167 202 189 184 179 191 200 222 258 288 323 297 258 222 186 166 159 155 153 156 159 166 200 231 129 105 83 81 82 112 113 121 195 189 216 325 343 318 321 302 269 270 274 296 265 301 293 323 323 311 324 307 291 243 198 188 181 175 176 172 164 153 144 141 144 134 141 137 128 121 123 135 
86 88 90 95 102 111 121 160 149 157 145 144 146 148 164 177 210 276 276 171 158 159 147 144 147 155 164 162 172 188 207 229 233 201 190 184 201 216 251 282 309 334 303 237 192 177 168 162 156 147 143 145 182 213 140 111 81 83 83 84 86 120 149 145 205 306 332 319 304 271 271 218 236 265 233 263 277 288 315 316 289 238 214 211 208 195 180 172 169 169 168 159 147 145 144 144 127 132 137 134 131 
88 87 90 92 101 134 146 148 162 171 146 134 131 136 143 156 191 229 295 249 169 179 181 167 186 159 153 157 164 187 216 232 229 203 193 190 188 199 218 229 273 303 327 338 270 216 213 169 157 147 137 131 134 183 222 155 146 98 85 82 83 105 109 153 168 213 316 304 303 288 280 228 194 207 240 232 258 274 303 312 322 319 284 234 202 197 189 181 174 165 161 163 155 153 153 133 143 145 153 148 139 
101 98 98 98 101 114 123 139 161 154 147 122 119 122 127 144 182 210 240 308 243 183 188 195 213 187 166 156 164 165 157 176 165 211 208 209 197 195 196 213 227 248 286 310 330 336 258 203 165 152 137 128 132 120 171 191 151 97 90 85 83 84 85 120 154 147 159 192 246 272 259 252 234 190 177 215 233 248 282 308 315 292 280 268 233 206 199 186 179 178 173 166 160 160 146 155 166 171 172 159 150 
120 119 145 147 166 136 137 147 161 174 146 139 120 112 110 124 138 163 203 252 352 278 220 203 194 189 176 167 161 163 167 182 185 210 217 217 214 207 208 204 209 223 236 270 304 309 328 301 244 202 156 138 132 118 107 167 93 137 140 96 85 84 84 86 128 151 217 315 301 281 266 249 219 184 153 177 222 244 252 266 304 310 313 291 244 210 209 195 184 176 171 167 159 156 147 174 209 237 215 178 163 
