40 39 39 50 40 40 45 47 51 59 51 52 46 49 55 54 56 55 51 53 50 51 44 46 46 44 45 54 45 45 58 58 49 47 50 50 54 55 53 60 58 60 60 61 57 56 59 48 59 48 50 
46 51 43 38 41 53 53 52 52 55 43 44 51 44 57 58 57 58 48 48 50 46 46 48 48 46 50 44 43 44 49 50 53 48 55 57 59 53 54 55 60 64 58 61 68 67 67 61 68 54 51 
40 41 41 39 41 42 46 43 54 46 44 46 45 44 61 54 53 61 54 52 50 48 49 47 45 50 44 45 46 45 50 52 52 61 63 62 62 60 60 64 63 67 66 59 58 62 66 59 59 54 54 
41 42 47 48 44 47 45 47 44 42 43 44 45 46 46 49 51 51 54 51 49 48 49 49 47 46 47 45 45 51 49 49 63 75 82 78 72 73 70 68 65 60 66 64 68 67 58 64 56 54 63 
44 46 47 48 49 50 51 49 51 51 48 49 48 45 48 50 54 55 53 36 59 52 52 50 52 48 49 47 46 51 56 65 74 70 68 63 69 70 60 59 60 58 66 68 59 59 59 56 55 56 58 
39 49 47 48 44 42 44 46 45 47 48 48 51 51 51 50 53 56 55 54 52 55 56 52 55 54 55 49 50 47 46 49 51 49 51 53 54 59 55 53 58 58 60 58 60 74 60 59 62 62 60 59 59 58 58 59 60 59 59 59 57 56 55 55 56 56 54 54 55 55 54 54 55 55 
47 46 49 55 53 52 53 52 54 51 53 55 58 54 52 52 54 54 54 55 59 55 56 56 55 56 50 49 51 50 54 53 61 56 56 57 54 53 59 60 57 61 59 63 67 57 56 58 63 63 50 
46 47 52 45 45 45 45 46 43 50 53 53 48 49 50 49 49 52 53 52 54 49 52 52 52 51 51 49 49 51 53 53 53 55 56 58 60 60 57 57 71 60 68 67 68 58 70 63 53 55 51 
47 48 42 44 57 41 65 58 52 58 51 55 52 54 53 54 55 61 52 53 53 51 53 53 53 53 53 53 53 57 57 56 54 56 57 53 59 59 63 67 65 70 70 67 68 57 56 58 59 53 52 
54 53 50 48 42 43 42 42 43 46 53 51 63 61 46 43 57 55 51 53 51 53 51 52 55 51 50 50 52 54 56 58 64 57 56 62 59 63 69 69 67 70 62 59 60 54 58 58 53 62 58 
51 51 50 50 50 49 51 49 49 48 47 43 44 44 52 45 44 52 51 52 64 52 57 57 56 54 52 57 59 57 57 58 56 58 66 59 66 72 64 68 69 77 78 74 71 65 55 62 55 54 56 
55 56 64 65 66 66 67 65 52 53 51 51 53 54 54 56 48 48 47 49 50 60 60 58 59 60 62 65 65 60 56 60 58 62 62 61 60 36 55 54 55 57 63 74 75 59 56 61 59 59 65 
62 55 54 65 53 54 56 58 56 55 59 65 72 75 82 86 72 56 50 48 48 55 54 57 58 59 61 56 69 61 56 59 60 62 54 56 58 53 27 54 56 56 61 59 59 59 61 61 64 57 59 
56 54 56 55 57 55 56 57 58 64 64 61 63 76 62 69 66 63 61 59 59 63 61 54 60 60 57 59 66 69 66 63 59 75 68 56 61 60 40 56 58 63 67 61 58 58 59 62 62 61 59 
65 58 56 53 57 55 72 58 78 73 59 62 64 64 62 58 59 61 61 59 66 65 60 66 16 61 62 56 56 67 61 66 68 71 71 65 71 76 63 61 57 63 67 61 59 71 61 59 58 56 59 59 
53 59 78 86 65 56 55 71 59 64 71 79 93 136 81 62 61 62 62 68 75 61 58 54 51 52 61 62 62 59 62 65 74 77 66 77 87 67 61 65 65 61 70 67 68 62 60 64 70 61 60 61 60 
56 56 67 69 68 62 60 59 60 65 75 107 132 82 70 63 64 61 59 74 63 60 59 59 40 56 58 59 60 64 72 69 79 81 89 96 72 79 71 78 54 65 66 65 65 63 62 69 61 64 63 62 
58 58 58 56 57 61 58 60 59 62 61 70 70 66 63 59 59 61 58 65 62 63 57 56 53 57 54 57 63 66 66 78 75 92 98 82 68 67 64 67 66 68 67 64 62 62 60 63 60 59 60 
67 59 58 58 59 66 66 73 79 74 70 63 62 64 64 67 68 60 57 58 56 60 56 57 56 58 57 55 57 64 77 76 81 96 85 91 69 83 82 89 72 73 68 72 66 65 72 62 64 60 62 
67 64 62 64 63 62 67 76 95 131 80 72 65 65 65 75 70 75 60 63 72 64 60 60 55 56 56 56 59 58 61 62 63 64 67 92 87 87 91 92 88 67 64 64 64 68 65 68 75 63 66 
82 78 71 67 67 74 71 74 88 134 116 80 70 66 71 71 62 63 62 63 77 75 68 62 63 55 55 54 54 55 59 67 83 75 70 79 66 69 67 64 64 68 77 77 70 73 75 69 73 68 71 
94 85 84 79 82 84 83 89 82 83 93 91 71 65 67 64 66 64 64 76 67 66 66 63 63 64 65 64 55 55 55 59 65 66 64 66 62 64 64 70 76 77 92 105 76 85 88 79 87 80 81 
131 111 98 109 94 102 102 96 87 80 70 73 73 67 69 72 68 67 66 65 65 69 67 66 63 65 65 66 67 62 57 58 57 57 67 64 63 76 73 78 87 92 90 83 94 94 84 85 79 82 80 
233 182 148 133 130 111 98 95 85 77 76 71 72 73 74 78 74 69 85 75 78 69 71 70 68 67 69 65 67 68 66 57 57 58 63 66 64 65 67 85 99 105 99 98 93 82 74 77 77 75 74 
329 260 249 198 167 146 140 108 95 87 78 75 89 91 97 117 139 112 75 69 68 69 67 67 66 64 67 67 65 66 69 56 58 56 59 63 62 75 72 89 97 96 88 78 76 70 66 68 71 74 72 
372 386 332 283 257 228 204 189 150 140 123 97 97 102 116 161 169 99 86 76 71 70 70 69 70 66 72 71 72 68 69 68 58 59 59 61 67 76 107 96 83 74 70 70 68 72 80 80 76 74 74 
282 289 312 340 315 330 343 332 268 264 236 199 148 158 121 105 102 90 83 75 74 73 71 74 70 73 75 74 75 75 71 71 70 59 58 59 72 89 73 75 67 67 66 68 66 74 71 67 77 80 83 
336 347 364 320 171 161 158 168 165 202 267 267 209 171 144 102 92 87 82 82 78 84 75 92 85 74 76 79 78 80 75 71 61 62 62 65 61 66 67 65 65 68 71 71 72 67 69 68 65 67 66 
342 335 370 231 149 130 120 116 126 136 132 120 128 135 147 142 108 100 96 98 89 84 83 82 76 78 78 78 80 79 64 61 60 53 63 67 62 64 68 65 71 72 72 75 77 75 72 75 69 75 72 
227 274 278 272 134 110 106 103 97 98 95 93 93 101 100 105 103 101 120 114 101 96 93 91 86 79 80 76 79 72 62 62 60 67 69 67 67 70 64 67 66 75 74 76 88 75 78 81 76 73 79 
166 149 142 121 130 121 104 92 89 88 88 86 83 80 82 80 80 80 80 128 100 88 84 93 92 96 87 76 75 64 64 64 67 77 70 69 67 75 79 81 75 66 79 81 78 81 80 86 82 94 88 
140 131 122 127 169 245 202 119 105 106 93 98 89 89 91 87 82 78 75 76 115 112 107 103 101 93 89 80 69 65 64 67 75 75 79 76 73 84 109 125 108 78 82 80 82 86 87 79 90 86 88 
199 175 113 121 144 183 227 331 187 140 128 103 104 105 104 101 105 97 87 81 75 82 83 86 85 97 116 89 66 67 61 70 76 71 77 77 80 87 100 141 119 102 76 75 87 85 88 84 88 92 94 
105 103 127 190 278 320 286 280 344 280 174 120 139 117 106 101 99 90 91 86 78 78 76 71 75 110 68 67 67 70 71 75 76 81 83 79 79 86 94 118 121 108 77 72 89 94 83 92 90 88 89 
98 152 215 266 255 265 299 353 265 222 181 167 134 124 117 118 111 102 99 98 88 87 87 82 78 60 68 68 80 79 80 88 96 105 99 91 86 89 86 89 90 91 86 70 87 84 91 89 90 94 96 
105 116 111 131 148 168 205 234 264 291 192 231 251 210 174 140 129 116 106 105 116 131 130 89 76 70 70 87 85 91 108 114 132 141 133 115 100 93 99 127 168 164 109 79 80 87 96 104 107 105 105 
139 106 145 160 155 182 176 161 256 248 259 251 304 280 340 213 198 140 128 128 118 100 92 81 76 83 80 82 92 99 135 160 231 271 274 174 147 113 108 138 209 207 115 101 81 67 98 108 151 185 162 
143 135 141 140 123 129 142 170 189 261 344 416 397 366 353 371 283 187 142 168 123 103 84 81 111 90 111 106 126 142 148 148 189 210 264 234 254 153 157 148 232 170 124 94 102 85 76 99 110 129 143 
138 147 146 165 141 136 136 145 164 198 251 337 337 272 261 261 278 171 111 94 90 86 83 89 75 71 72 94 107 108 123 127 150 199 202 236 209 253 195 171 186 180 113 109 133 95 83 76 86 99 101 
137 155 192 297 264 150 125 122 125 137 158 195 193 153 160 155 146 127 98 89 82 79 82 82 79 73 73 85 88 102 117 112 134 155 214 235 217 191 224 267 190 145 125 120 117 114 100 92 83 78 86 
127 167 288 391 284 290 286 150 124 117 115 113 114 103 114 108 100 94 86 93 84 75 75 82 83 78 75 74 73 89 101 114 128 124 163 249 228 223 189 186 206 212 132 120 116 114 111 118 104 97 85 
127 173 316 355 300 209 156 143 139 137 136 126 113 104 98 93 96 101 104 105 94 79 80 88 83 88 90 73 79 83 86 94 104 108 131 173 231 208 273 211 166 153 200 211 187 191 182 189 148 123 113 
128 153 209 403 278 189 166 140 126 115 109 107 107 108 115 117 108 107 111 116 136 100 89 88 88 90 92 77 77 84 92 101 113 124 131 124 124 188 234 223 238 221 181 175 198 238 305 302 289 245 158 
162 145 173 239 273 307 210 145 136 138 149 138 154 143 139 135 133 123 122 119 106 98 107 95 90 91 78 76 76 83 101 111 123 133 139 147 156 141 145 163 199 246 244 259 208 227 267 326 303 279 224 
202 168 167 170 209 317 232 154 127 122 190 301 403 365 279 246 169 143 128 117 120 108 193 123 101 91 82 78 78 90 117 118 154 209 204 180 178 164 166 167 167 172 178 208 182 238 313 292 275 155 109 
211 219 157 140 143 175 315 240 155 129 144 184 279 384 414 423 311 220 163 137 129 121 129 230 149 113 115 79 86 113 142 228 299 283 219 234 217 208 194 192 195 190 182 165 165 204 265 203 164 186 119 
156 143 148 170 129 140 185 257 311 174 135 155 175 232 326 319 312 354 247 170 143 135 139 140 238 149 112 78 92 121 167 275 342 353 298 264 341 332 271 226 197 180 172 164 144 161 172 174 160 138 114 
92 96 105 113 143 124 157 199 379 210 142 147 163 163 188 186 206 235 240 260 209 165 150 146 152 217 145 81 81 105 137 198 351 344 314 334 306 327 353 333 229 201 184 173 153 161 144 130 123 117 122 
86 90 102 121 149 145 146 164 210 276 158 147 147 164 172 207 233 190 201 251 309 303 192 168 156 143 182 140 81 83 86 149 205 332 304 271 236 233 277 315 289 214 208 180 169 168 147 144 127 137 131 
101 98 101 123 161 147 119 127 182 240 243 188 213 166 164 157 165 208 197 196 227 286 330 258 165 137 132 171 151 90 83 85 154 159 246 259 234 177 233 282 315 280 233 199 179 173 160 146 166 172 150 
